,#Base,G,A,T,C
0,1,29.197538172104064,17.773793924731486,6.841046142628919,46.187621760535535
1,2,25.276034313223956,26.6920495021611,25.703768256875296,22.328147927739643
2,3,21.100987211005208,23.486315570401022,23.243237371955505,32.16945984663827
3,4,23.946957397144676,35.644574727771406,17.132670821553088,23.275797053530834
4,5,31.781738633242938,31.04112403882462,16.362753059455564,20.81438426847688
5,6,23.14200667170798,35.841768843906294,16.861412131435763,24.154812352949964
6,7,23.399249453097763,16.830662022102008,29.01211800349514,30.757970521305083
7,8,21.69179639841908,20.43746466514891,25.706725851544938,32.164013084887074
8,9,22.309281213722283,19.171494130088576,25.44737134496094,33.0718533112282
9,10,23.97608414718307,34.883782550067245,17.871535977767376,23.268597324982316
10,11,31.21628073618732,22.32805771810853,16.446189558758917,30.009471986945236
11,12,24.742261488693135,24.986451329700614,20.932143152911816,29.33914402869443
12,13,28.369761099196168,22.48404261296217,20.16478910063674,28.981407187204923
13,14,24.416650327203616,27.525160426440003,21.325261464262088,26.73292778209429
14,15,29.18312531320484,24.571757839500634,19.800378664412783,26.44473818288175
15,16,25.094781049051967,25.7469839784781,20.515364000877394,28.642870971592544
16,17,24.649110905747428,26.17629491957673,20.295410997796356,28.87918317687948
17,18,24.300726128431922,22.56186686220466,20.286959622873848,32.85044738648957
18,19,23.584600761807405,22.05055078022785,20.122699968946595,34.24214848901815
19,20,24.951393081863387,22.06243998388539,19.859044362431547,33.127122571819676
20,21,25.065470028636593,27.542358096778685,19.144579670039157,28.24759220454557
21,22,24.310244505594415,22.91203522873327,21.216157895510364,31.56156237016195
22,23,24.140390297673026,22.01165529840745,20.66605750958811,33.181896894331416
23,24,24.342359988095705,26.799899043598742,22.14059914046529,26.717141827840262
24,25,25.276716601440587,22.20391168766037,24.921439725265994,27.59793198563305
25,26,31.044450400502598,22.041183442413406,20.387276858566818,26.527089298517176
26,27,28.917727771770736,22.15305433979861,22.417423033194485,26.51179485523617
27,28,25.524639988470256,21.504223501117774,24.54548865351854,28.425647856893427
28,29,29.63072672156461,20.89524835487464,21.566584586509318,27.907440337051437
29,30,24.45099560324469,23.380141015208448,20.13059657561466,32.0382668059322
30,31,26.50817486347649,19.227180419729176,24.102917458400245,30.161727258394084
31,32,27.744279424884795,23.880087866566267,20.874925575728945,27.50070713281999
32,33,25.685765913785012,21.313414349411484,25.583839207791936,27.416980529011564
33,34,24.509874701149,22.35882867034408,19.823793898124137,33.30750273038279
34,35,25.13555804602678,21.865121879614517,23.65357867690112,29.34574139745758
35,36,26.115012344959847,19.647864710429232,22.871562184340867,31.36556076027005
36,37,26.488463688984766,22.94226244549711,19.346592359790094,31.222681505728033
37,38,25.048593792161157,20.063421108111196,24.650632709037527,30.23735239069012
38,39,28.291924612927733,22.571090822759622,20.424057645504647,28.712926918807995
39,40,26.42556796153895,22.204735521269072,19.457833244617,31.91186327257498
40,41,27.041524889262636,21.98619294857416,20.017381778322306,30.9549003838409
41,42,30.53906368526681,22.855309138434993,19.55484380750545,27.050783368792754
42,43,25.55461816267276,25.313308776250132,19.40761561363637,29.724457447440738
43,44,24.0133421386979,23.397680881519797,19.953824131839106,32.635152847943196
44,45,23.062512157594988,27.636570507024246,20.89915017991967,28.4017671554611
45,46,24.818662988325816,29.024628191272868,19.637993244503033,26.518715575898284
46,47,29.006998251134657,21.957224850390414,21.06873065467265,27.96704624380228
47,48,27.56435694546262,24.85905146074916,20.874275847337227,26.702315746450996
48,49,25.211879725155217,22.39463968566119,21.944088532872428,30.44939205631117
49,50,25.22788131346812,22.04956762700771,19.353883402148277,33.36866765737589
50,51,25.3638076835906,27.687144607672565,19.27610893830904,27.672938770427795
51,52,27.024098149795044,27.12605412978576,19.24463910436649,26.605208616052707
52,53,27.71473658786534,21.216409824452697,20.307697885952155,30.761155701729802
53,54,30.133893970238944,21.983724887706522,20.21257959451731,27.669801547537226
54,55,27.463000559368716,21.069678417701027,24.61410102666796,26.853219996262297
55,56,26.631594273614713,22.06649848230992,19.922004453156745,31.379902790918624
56,57,26.986393452952896,27.203843471411197,19.576075651255117,26.233687424380786
57,58,27.56692850412254,25.953740470078003,19.606687574971204,26.87264345082825
58,59,31.877731119809038,21.075899246143816,19.17494022315598,27.871429410891167
59,60,30.652068780535547,20.069814538921047,22.51082368351579,26.767292997027614
60,61,30.0737309314626,20.467006997933268,18.11763665261587,31.34162541798826
61,62,26.441774252232907,22.05895013695244,19.05217045066078,32.447105160153875
62,63,31.269674863411133,20.568568752956292,19.675249626631533,28.486506757001038
63,64,27.771933656183467,20.351630370456217,21.59241273671207,30.28402323664825
64,65,27.112741725067362,19.417851612466965,21.835372526166548,31.63403413629912
65,66,26.27727122197556,21.398872911216703,25.90841623799834,26.415439628809395
66,67,30.90026286057232,21.612090813870015,20.31793619743821,27.16971012811945
67,68,33.832762147556956,19.985072120038435,20.961150980957726,25.221014751446884
68,69,31.36889480753125,20.1070478558444,20.653506627963036,27.870550708661312
69,70,30.89063993620887,20.47439434626526,22.208529898765356,26.426435818760513
70,71,26.58314748992776,21.252691623459377,24.803760978230727,27.36039990838214
71,72,27.432548087744884,25.502493625387128,21.138847683713628,25.926110603154356
72,73,26.310190307673263,25.399023047656193,20.32610241843658,27.96468422623396
73,74,30.57636992399162,20.89573607312541,20.294592680186632,28.233301322696335
74,75,30.648304468032673,20.67294508667877,21.229159201610592,27.44959124367796
