,#Base,G,A,T,C
0,1,45.298264439320896,11.687609330944609,4.841676754108339,38.17244947562616
1,2,31.415590432756968,12.381887022871272,32.754326241667506,23.448196302704254
2,3,28.495975000530333,15.177812300211293,20.642265300977147,35.68394739828123
3,4,30.818307082131945,25.721370419748972,18.08453156204024,25.375790936078847
4,5,33.09982060401734,28.208754458517017,19.515439095623048,19.175985841842593
5,6,30.245471299364834,27.122900957986296,20.40163803258124,22.22998971006763
6,7,25.42461827365299,22.310552030775234,33.12609454063426,19.138735154937514
7,8,25.046278413672123,20.13515482487712,29.111430589164534,25.707136172286223
8,9,27.066923017902077,18.659365210213082,30.147517279263464,24.126194492621376
9,10,29.366703732432214,29.652247705729412,21.145167758324664,19.83588080351371
10,11,31.161299148412823,22.470620029235754,19.6307097237407,26.73737109861072
11,12,31.061805755072896,18.656930104114462,22.163987071088446,28.117277069724196
12,13,29.508465520305606,20.791088734595775,22.672693607897447,27.027752137201173
13,14,28.612903818409556,22.758629567514923,24.229467964522833,24.398998649552688
14,15,29.957429624225036,22.115872864072642,22.528387357379344,25.398310154322978
15,16,31.278059124416934,23.529385419221153,21.907239498150258,23.285315958211655
16,17,30.692106767173254,23.21801791857268,22.721870414648954,23.368004899605108
17,18,30.069365928140286,21.77569223992028,22.41838861252133,25.736553219418106
18,19,30.6140385529323,23.18768100206654,21.516997080795882,24.681283364205274
19,20,30.963391234463817,22.86580143630075,23.10302869782892,23.067778631406515
20,21,30.580048977278235,21.784794387606084,22.477407753393912,25.157748881721776
21,22,29.60818686961291,23.240762560447553,23.001754751400206,24.149295818539326
22,23,29.629382702130325,22.512738583440665,22.72709231290002,25.130786401528987
23,24,29.78376123752521,21.319825896350352,22.749144675687447,26.14726819043699
24,25,29.876280436231852,22.8846972734678,21.602908054998462,25.63611423530189
25,26,28.84177353816681,23.966072527717316,21.500332997479635,25.69182093663624
26,27,27.861349462513235,23.16218339086092,22.30460107720483,26.671866069421014
27,28,28.933549922860696,22.66733162165352,22.123195623268852,26.27592283221693
28,29,29.228227181346185,22.87595255758952,23.617815139671436,24.278005121392855
29,30,30.19590431071226,21.88767737343977,22.46266142378589,25.453756892062067
30,31,30.40012658287256,22.74422817635515,21.350413975607317,25.50523126516497
31,32,31.150580258107457,22.065389585972657,22.950654936682646,23.83337521923724
32,33,30.697630648136904,21.684557943070473,21.488881312333323,26.128930096459303
33,34,31.659019056636655,21.96241558455072,22.16650859037336,24.212056768439265
34,35,29.530863398935914,23.562363482167086,22.002189944027403,24.904583174869597
35,36,29.497643117797768,23.575961163927886,20.326380528154875,26.600015190119468
36,37,30.63482277348769,23.14468850661835,20.84579816676738,25.374690553126573
37,38,29.867666898895873,21.877452707547768,22.189580988178623,26.06529940537774
38,39,29.646914968917187,22.501545887301496,21.708119581801448,26.14341956197987
39,40,29.144802012327737,22.37471279509774,21.712164958008923,26.7683202345656
40,41,27.44112069834113,23.7716351291267,23.230145271310665,25.557098901221497
41,42,29.742494977056094,21.218661477636683,23.029890076387797,26.008953468919433
42,43,31.771405320598216,21.3465774642093,21.353872082749294,25.528145132443186
43,44,29.387094092279302,22.074377527704176,22.784720061791305,25.753808318225218
44,45,28.3256313673166,21.487771818200883,23.187061147640406,26.99953566684211
45,46,29.096404352627037,23.006632955363344,20.781948689407802,27.115014002601818
46,47,28.994705032927403,22.593457901316164,21.186441541617558,27.22539552413888
47,48,28.821345525341187,22.61153677146274,21.612073541986838,26.95504416120923
48,49,29.491038326868285,22.549233419724693,21.485064235693933,26.47466401771309
49,50,28.57847377195477,22.838767407974448,22.70814021831701,25.874618601753774
50,51,29.09143872899459,21.534756397370536,22.10433529935101,27.26946957428386
51,52,29.648544862255026,21.375111685910415,22.159530550689176,26.816812901145376
52,53,28.36262130988257,21.88465011450135,24.178466558874398,25.574262016741685
53,54,29.37069712917028,21.178041260359663,22.597539426735153,26.853722183734902
54,55,29.35567478340615,22.18272575056326,20.191172935515716,28.270426530514875
55,56,29.424051152305335,21.45023608219941,22.30577995090091,26.81993281459435
56,57,28.36544254560669,21.99304777096976,21.379036205769395,28.262473477654154
57,58,28.134477186044876,22.05359051988472,20.951029128724624,28.860903165345782
58,59,28.301033341212754,23.172485342480968,21.85180006139404,26.674681254912237
59,60,29.471250677467204,22.447100166829443,21.5670156630122,26.514633492691157
60,61,29.374728648038406,22.36341635032795,20.057873042588405,28.203981959045237
61,62,25.84307841981104,24.66796637507349,22.802590520138498,26.686364684976976
62,63,29.724950256567578,21.568732989258667,21.67136967478162,27.034947079392136
63,64,28.212684788431535,22.06498009055295,22.4140990665121,27.30823605450341
64,65,28.31285623741204,21.837569752998,23.786149459114647,26.063424550475318
65,66,28.373590638527208,20.969159678144663,23.3916646427701,27.265585040558026
66,67,27.905562080138907,22.884627674876914,22.56455522531697,26.645255019667214
67,68,28.030389297299795,21.975274823855756,21.971791067520023,28.022544811324423
68,69,26.830219172397403,21.47952678953281,22.26047107946837,29.429782958601418
69,70,28.933063014581517,22.49338367893144,20.89217792914045,27.681375377346594
70,71,27.774202065569405,22.911798746240486,21.91047268281177,27.403526505378338
71,72,30.513925305551997,22.6595252326476,21.148113364083304,25.6784360977171
72,73,29.780701819079503,21.854343034044767,20.821649109769506,27.543306037106223
73,74,29.264824873039885,21.747448789742492,22.906036707734422,26.0816896294832
74,75,28.813760369734602,21.379030988728488,22.854683066025036,26.95252557551187
